Client,Bush,Well,Work,Data,Time,ДавЛевНас,ДавПравНас,ДавВыход,РасходЛевНас,РасходПравНас,РасходВыход,ТемпРецирк,ДавРецирк,ОбъемВыход,РасходВоды,Плотность
[object Object],123,456,Проверка,09.12.2024,16:39:37,357.48,0.00,232.93,500.00,262.88,8.22,204.24,349.70,62.83,49.93,500.00
,,,,,,,,,,,,,,,,
[object Object],123,456,Проверка,09.12.2024,16:39:37,343.79,315.42,163.51,500.00,328.08,0.00,82.23,500.00,354.29,236.94,500.00
,,,,,,,,,,,,,,,,
[object Object],123,456,Проверка,09.12.2024,16:39:37,343.79,315.42,163.51,500.00,328.08,0.00,82.23,500.00,354.29,236.94,500.00
,,,,,,,,,,,,,,,,
[object Object],123,456,Проверка,09.12.2024,16:39:37,343.79,315.42,163.51,500.00,328.08,0.00,82.23,500.00,354.29,236.94,500.00
,,,,,,,,,,,,,,,,
[object Object],123,456,Проверка,09.12.2024,16:39:37,500.00,500.00,500.00,32.39,58.56,302.81,0.00,500.00,326.43,245.26,368.42
,,,,,,,,,,,,,,,,
[object Object],123,456,Проверка,09.12.2024,16:39:37,500.00,500.00,500.00,32.39,58.56,302.81,0.00,500.00,326.43,245.26,368.42
,,,,,,,,,,,,,,,,
[object Object],123,456,Проверка,09.12.2024,16:39:37,500.00,500.00,500.00,32.39,58.56,302.81,0.00,500.00,326.43,245.26,368.42
,,,,,,,,,,,,,,,,
[object Object],123,456,Проверка,09.12.2024,16:39:37,500.00,41.16,356.42,0.00,0.00,45.83,343.88,56.52,0.00,176.81,104.02
,,,,,,,,,,,,,,,,
[object Object],123,456,Проверка,09.12.2024,16:39:37,500.00,41.16,356.42,0.00,0.00,45.83,343.88,56.52,0.00,176.81,104.02
,,,,,,,,,,,,,,,,
[object Object],123,456,Проверка,09.12.2024,16:39:37,500.00,0.00,152.20,0.00,387.46,0.00,500.00,500.00,0.00,217.43,0.00
,,,,,,,,,,,,,,,,
[object Object],123,456,Проверка,09.12.2024,16:39:37,500.00,0.00,152.20,0.00,387.46,0.00,500.00,500.00,0.00,217.43,0.00
,,,,,,,,,,,,,,,,
[object Object],123,456,Проверка,09.12.2024,16:39:38,500.00,169.79,441.24,0.00,278.22,0.00,0.00,500.00,471.07,135.44,500.00
,,,,,,,,,,,,,,,,
[object Object],123,456,Проверка,09.12.2024,16:39:38,500.00,169.79,441.24,0.00,278.22,0.00,0.00,500.00,471.07,135.44,500.00
,,,,,,,,,,,,,,,,
[object Object],123,456,Проверка,09.12.2024,16:39:38,487.33,461.36,216.24,266.64,0.00,166.57,213.26,500.00,500.00,0.00,500.00
,,,,,,,,,,,,,,,,
[object Object],123,456,Проверка,09.12.2024,16:39:38,487.33,461.36,216.24,266.64,0.00,166.57,213.26,6.96,500.00,0.00,500.00
,,,,,,,,,,,,,,,,
[object Object],123,456,Проверка,09.12.2024,16:39:38,487.33,461.36,216.24,266.64,0.00,166.57,213.26,6.96,500.00,0.00,500.00
,,,,,,,,,,,,,,,,
[object Object],123,456,Проверка,09.12.2024,16:39:38,500.00,500.00,0.00,0.00,348.10,0.00,500.00,0.00,500.00,354.75,8.97
,,,,,,,,,,,,,,,,
[object Object],123,456,Проверка,09.12.2024,16:39:38,500.00,500.00,0.00,0.00,348.10,0.00,500.00,0.00,500.00,354.75,8.97
,,,,,,,,,,,,,,,,
[object Object],123,456,Проверка,09.12.2024,16:39:38,500.00,401.30,0.00,0.00,449.54,396.36,500.00,0.00,397.93,500.00,0.00
,,,,,,,,,,,,,,,,
[object Object],123,456,Проверка,09.12.2024,16:39:38,500.00,401.30,0.00,0.00,449.54,396.36,500.00,205.66,397.93,500.00,0.00
,,,,,,,,,,,,,,,,
[object Object],123,456,Проверка,09.12.2024,16:39:38,500.00,401.30,0.00,0.00,449.54,396.36,500.00,205.66,397.93,500.00,0.00
,,,,,,,,,,,,,,,,
[object Object],123,456,Проверка,09.12.2024,16:39:38,10.84,476.55,0.00,0.00,140.59,56.37,500.00,205.66,500.00,27.85,325.52
,,,,,,,,,,,,,,,,
[object Object],123,456,Проверка,09.12.2024,16:39:39,500.00,303.04,1.27,500.00,500.00,155.13,500.00,0.00,271.30,500.00,0.00
,,,,,,,,,,,,,,,,
[object Object],123,456,Проверка,09.12.2024,16:39:39,474.57,487.54,265.08,80.15,500.00,0.00,500.00,0.00,500.00,500.00,0.00
,,,,,,,,,,,,,,,,
[object Object],123,456,Проверка,09.12.2024,16:39:39,474.57,487.54,265.08,80.15,500.00,0.00,500.00,0.00,500.00,500.00,0.00
,,,,,,,,,,,,,,,,
[object Object],123,456,Проверка,09.12.2024,16:39:39,474.57,487.54,265.08,80.15,500.00,0.00,500.00,0.00,500.00,500.00,0.00
,,,,,,,,,,,,,,,,
[object Object],123,456,Проверка,09.12.2024,16:39:39,346.30,500.00,0.00,117.15,500.00,148.47,500.00,0.00,500.00,454.21,345.86
,,,,,,,,,,,,,,,,
[object Object],123,456,Проверка,09.12.2024,16:39:39,346.30,500.00,0.00,117.15,500.00,148.47,500.00,0.00,500.00,454.21,345.86
,,,,,,,,,,,,,,,,
[object Object],123,456,Проверка,09.12.2024,16:39:39,500.00,500.00,0.00,381.27,500.00,0.00,267.99,347.94,500.00,0.00,0.00
,,,,,,,,,,,,,,,,
[object Object],123,456,Проверка,09.12.2024,16:39:39,500.00,500.00,0.00,381.27,500.00,0.00,267.99,347.94,500.00,0.00,0.00
,,,,,,,,,,,,,,,,
[object Object],123,456,Проверка,09.12.2024,16:39:39,500.00,500.00,0.00,381.27,500.00,0.00,267.99,347.94,500.00,0.00,0.00
,,,,,,,,,,,,,,,,
[object Object],123,456,Проверка,09.12.2024,16:39:39,500.00,500.00,0.00,0.00,500.00,494.93,99.71,63.23,204.91,0.00,0.00
,,,,,,,,,,,,,,,,
[object Object],123,456,Проверка,09.12.2024,16:39:40,500.00,500.00,0.00,0.00,500.00,494.93,99.71,63.23,204.91,0.00,0.00
,,,,,,,,,,,,,,,,
[object Object],123,456,Проверка,09.12.2024,16:39:40,0.00,155.66,60.03,460.31,500.00,500.00,500.00,231.26,500.00,398.20,330.78
,,,,,,,,,,,,,,,,
[object Object],123,456,Проверка,09.12.2024,16:39:40,0.00,155.66,60.03,460.31,500.00,500.00,500.00,231.26,500.00,398.20,330.78
,,,,,,,,,,,,,,,,
[object Object],123,456,Проверка,09.12.2024,16:39:40,0.00,0.00,500.00,85.23,500.00,226.73,500.00,96.58,500.00,49.81,403.11
,,,,,,,,,,,,,,,,
[object Object],123,456,Проверка,09.12.2024,16:39:40,0.00,0.00,500.00,85.23,500.00,226.73,500.00,96.58,500.00,49.81,403.11
,,,,,,,,,,,,,,,,
[object Object],123,456,Проверка,09.12.2024,16:39:40,91.62,49.70,299.84,101.03,423.52,0.00,500.00,0.00,500.00,265.23,500.00
,,,,,,,,,,,,,,,,
[object Object],123,456,Проверка,09.12.2024,16:39:40,91.62,49.70,299.84,101.03,423.52,0.00,500.00,0.00,500.00,265.23,500.00
,,,,,,,,,,,,,,,,
[object Object],123,456,Проверка,09.12.2024,16:39:40,0.00,137.31,464.46,0.00,500.00,0.00,334.63,0.00,500.00,245.35,464.37
,,,,,,,,,,,,,,,,
[object Object],123,456,Проверка,09.12.2024,16:39:40,0.00,137.31,464.46,0.00,500.00,0.00,334.63,0.00,500.00,245.35,464.37
,,,,,,,,,,,,,,,,
[object Object],123,456,Проверка,09.12.2024,16:39:40,0.00,316.87,238.55,313.71,278.22,0.00,500.00,315.92,306.87,0.00,500.00
,,,,,,,,,,,,,,,,
[object Object],123,456,Проверка,09.12.2024,16:39:40,0.00,316.87,238.55,313.71,278.22,0.00,500.00,315.92,306.87,0.00,500.00
,,,,,,,,,,,,,,,,
[object Object],123,456,Проверка,09.12.2024,16:39:41,0.00,203.71,0.00,500.00,190.83,311.28,500.00,0.00,221.63,387.86,500.00
,,,,,,,,,,,,,,,,
[object Object],123,456,Проверка,09.12.2024,16:39:41,500.00,500.00,295.39,500.00,500.00,0.00,0.00,500.00,157.48,500.00,0.00
,,,,,,,,,,,,,,,,
[object Object],123,456,Проверка,09.12.2024,16:39:41,415.45,500.00,478.41,500.00,326.54,0.00,0.00,273.27,236.89,280.07,0.00
,,,,,,,,,,,,,,,,
[object Object],123,456,Проверка,09.12.2024,16:39:41,415.45,500.00,478.41,500.00,326.54,0.00,0.00,273.27,236.89,280.07,0.00
,,,,,,,,,,,,,,,,
[object Object],123,456,Проверка,09.12.2024,16:39:41,500.00,500.00,500.00,155.67,364.15,390.27,479.71,434.84,0.00,223.91,0.00
,,,,,,,,,,,,,,,,
[object Object],123,456,Проверка,09.12.2024,16:39:41,500.00,500.00,500.00,155.67,364.15,390.27,479.71,434.84,0.00,223.91,0.00
,,,,,,,,,,,,,,,,
[object Object],123,456,Проверка,09.12.2024,16:39:41,500.00,21.17,500.00,482.16,500.00,64.76,500.00,500.00,0.00,167.22,0.00
,,,,,,,,,,,,,,,,
[object Object],123,456,Проверка,09.12.2024,16:39:41,500.00,21.17,500.00,482.16,500.00,64.76,500.00,500.00,0.00,167.22,0.00
,,,,,,,,,,,,,,,,
[object Object],123,456,Проверка,09.12.2024,16:39:41,327.55,454.21,331.59,163.74,500.00,0.00,500.00,500.00,330.67,0.00,0.00
,,,,,,,,,,,,,,,,
[object Object],123,456,Проверка,09.12.2024,16:39:41,327.55,454.21,331.59,163.74,500.00,0.00,500.00,500.00,330.67,0.00,0.00
,,,,,,,,,,,,,,,,
[object Object],123,456,Проверка,09.12.2024,16:39:42,471.19,500.00,449.98,0.00,13.13,358.86,500.00,500.00,0.00,101.13,0.00
,,,,,,,,,,,,,,,,
[object Object],123,456,Проверка,09.12.2024,16:39:42,73.92,497.98,500.00,0.00,60.93,42.95,287.41,311.87,289.83,0.00,41.58
,,,,,,,,,,,,,,,,
[object Object],123,456,Проверка,09.12.2024,16:39:42,376.41,262.13,468.93,0.00,500.00,333.95,483.31,39.50,478.74,500.00,70.29
,,,,,,,,,,,,,,,,
[object Object],123,456,Проверка,09.12.2024,16:39:42,213.53,452.29,99.79,290.00,500.00,278.38,500.00,0.00,500.00,500.00,0.00
,,,,,,,,,,,,,,,,
[object Object],123,456,Проверка,09.12.2024,16:39:42,213.53,452.29,99.79,290.00,500.00,278.38,500.00,0.00,500.00,500.00,0.00
,,,,,,,,,,,,,,,,
[object Object],123,456,Проверка,09.12.2024,16:39:42,204.29,467.39,0.00,500.00,500.00,397.74,22.03,0.00,500.00,500.00,0.00
,,,,,,,,,,,,,,,,
[object Object],123,456,Проверка,09.12.2024,16:39:42,483.44,10.76,289.24,54.30,500.00,73.61,455.93,0.00,500.00,500.00,0.00
,,,,,,,,,,,,,,,,
[object Object],123,456,Проверка,09.12.2024,16:39:42,483.44,10.76,289.24,54.30,500.00,73.61,455.93,0.00,500.00,500.00,0.00
,,,,,,,,,,,,,,,,
[object Object],123,456,Проверка,09.12.2024,16:39:42,500.00,65.92,0.00,371.06,500.00,0.00,500.00,200.35,223.26,500.00,0.00
,,,,,,,,,,,,,,,,
[object Object],123,456,Проверка,09.12.2024,16:39:42,500.00,65.92,0.00,371.06,500.00,0.00,500.00,200.35,223.26,500.00,0.00
,,,,,,,,,,,,,,,,
[object Object],123,456,Проверка,09.12.2024,16:39:43,500.00,205.84,475.93,58.52,500.00,469.19,500.00,500.00,91.39,499.15,495.59
,,,,,,,,,,,,,,,,
[object Object],123,456,Проверка,09.12.2024,16:39:43,196.97,0.00,230.38,13.14,500.00,348.01,500.00,120.93,0.00,500.00,64.82
,,,,,,,,,,,,,,,,
[object Object],123,456,Проверка,09.12.2024,16:39:43,196.97,0.00,230.38,13.14,500.00,348.01,500.00,120.93,0.00,500.00,64.82
,,,,,,,,,,,,,,,,
[object Object],123,456,Проверка,09.12.2024,16:39:43,104.64,500.00,299.76,314.98,294.91,0.00,500.00,0.00,500.00,500.00,143.45
,,,,,,,,,,,,,,,,
[object Object],123,456,Проверка,09.12.2024,16:39:43,104.64,500.00,299.76,314.98,294.91,0.00,500.00,0.00,500.00,500.00,143.45
,,,,,,,,,,,,,,,,
[object Object],123,456,Проверка,09.12.2024,16:39:43,500.00,411.75,0.00,500.00,500.00,141.51,305.46,19.78,34.72,353.62,375.32
,,,,,,,,,,,,,,,,
[object Object],123,456,Проверка,09.12.2024,16:39:43,500.00,411.75,0.00,500.00,500.00,141.51,305.46,19.78,34.72,353.62,375.32
,,,,,,,,,,,,,,,,
[object Object],123,456,Проверка,09.12.2024,16:39:43,490.06,500.00,27.64,145.35,342.67,0.00,500.00,359.45,336.71,18.04,472.27
,,,,,,,,,,,,,,,,
[object Object],123,456,Проверка,09.12.2024,16:39:43,262.47,57.94,0.00,54.70,102.84,0.00,500.00,187.83,0.00,464.77,500.00
,,,,,,,,,,,,,,,,
[object Object],123,456,Проверка,09.12.2024,16:39:43,262.47,57.94,0.00,54.70,102.84,0.00,500.00,187.83,0.00,464.77,500.00
,,,,,,,,,,,,,,,,
[object Object],123,456,Проверка,09.12.2024,16:39:44,242.90,35.09,0.00,488.55,0.00,81.05,382.33,0.00,318.12,500.00,272.57
,,,,,,,,,,,,,,,,
[object Object],123,456,Проверка,09.12.2024,16:39:44,0.00,317.54,427.21,120.09,96.38,0.00,500.00,290.22,130.35,99.08,500.00
,,,,,,,,,,,,,,,,
[object Object],123,456,Проверка,09.12.2024,16:39:44,0.00,317.54,427.21,120.09,96.38,0.00,500.00,290.22,130.35,99.08,500.00
,,,,,,,,,,,,,,,,
[object Object],123,456,Проверка,09.12.2024,16:39:44,173.74,500.00,466.14,500.00,402.76,0.00,123.10,500.00,293.28,467.37,70.27
,,,,,,,,,,,,,,,,
[object Object],123,456,Проверка,09.12.2024,16:39:44,260.54,500.00,313.74,0.00,0.00,408.41,369.30,500.00,500.00,187.61,0.00
,,,,,,,,,,,,,,,,
[object Object],123,456,Проверка,09.12.2024,16:39:44,260.54,500.00,313.74,0.00,0.00,408.41,369.30,500.00,500.00,187.61,0.00
,,,,,,,,,,,,,,,,
[object Object],123,456,Проверка,09.12.2024,16:39:44,500.00,469.24,500.00,286.59,0.00,0.00,405.56,500.00,500.00,312.69,0.00
,,,,,,,,,,,,,,,,
[object Object],123,456,Проверка,09.12.2024,16:39:44,500.00,133.87,500.00,500.00,309.75,0.00,500.00,316.01,225.39,0.00,0.00
,,,,,,,,,,,,,,,,
[object Object],123,456,Проверка,09.12.2024,16:39:44,500.00,133.87,500.00,500.00,309.75,0.00,500.00,316.01,225.39,0.00,0.00
,,,,,,,,,,,,,,,,
[object Object],123,456,Проверка,09.12.2024,16:39:44,500.00,0.00,500.00,500.00,0.00,0.00,443.77,500.00,0.00,0.00,450.50
,,,,,,,,,,,,,,,,
[object Object],123,456,Проверка,09.12.2024,16:39:44,500.00,0.00,430.51,500.00,14.74,7.45,199.02,500.00,0.00,300.23,500.00
,,,,,,,,,,,,,,,,
[object Object],123,456,Проверка,09.12.2024,16:39:45,500.00,0.00,430.51,500.00,14.74,7.45,199.02,500.00,0.00,300.23,500.00
,,,,,,,,,,,,,,,,
[object Object],123,456,Проверка,09.12.2024,16:39:45,500.00,354.15,235.56,500.00,497.79,0.00,0.00,444.31,0.00,500.00,500.00
,,,,,,,,,,,,,,,,
[object Object],123,456,Проверка,09.12.2024,16:39:45,500.00,435.66,500.00,163.64,187.85,0.00,0.00,349.50,27.10,500.00,57.73
,,,,,,,,,,,,,,,,
[object Object],123,456,Проверка,09.12.2024,16:39:45,24.30,500.00,500.00,0.00,500.00,0.00,0.00,108.44,0.00,500.00,0.00
,,,,,,,,,,,,,,,,
[object Object],123,456,Проверка,09.12.2024,16:39:45,500.00,142.34,500.00,70.35,446.98,53.51,442.06,500.00,0.00,500.00,484.07
,,,,,,,,,,,,,,,,
[object Object],123,456,Проверка,09.12.2024,16:39:45,500.00,142.34,500.00,70.35,446.98,53.51,442.06,500.00,0.00,500.00,484.07
,,,,,,,,,,,,,,,,
[object Object],123,456,Проверка,09.12.2024,16:39:45,500.00,317.38,500.00,0.00,500.00,0.00,500.00,467.38,0.00,500.00,155.64
,,,,,,,,,,,,,,,,
[object Object],123,456,Проверка,09.12.2024,16:39:45,282.50,285.83,500.00,0.00,500.00,0.00,128.03,0.00,479.46,275.49,0.00
,,,,,,,,,,,,,,,,
[object Object],123,456,Проверка,09.12.2024,16:39:45,127.31,500.00,401.89,242.33,500.00,316.06,0.00,220.89,268.09,500.00,46.91
,,,,,,,,,,,,,,,,
[object Object],123,456,Проверка,09.12.2024,16:39:45,127.31,500.00,401.89,242.33,500.00,316.06,0.00,220.89,268.09,500.00,46.91
,,,,,,,,,,,,,,,,
[object Object],123,456,Проверка,09.12.2024,16:39:46,428.29,49.82,358.52,415.82,500.00,267.95,0.00,483.09,500.00,61.97,327.57
,,,,,,,,,,,,,,,,
[object Object],123,456,Проверка,09.12.2024,16:39:46,500.00,254.89,152.76,500.00,57.82,500.00,304.02,500.00,500.00,134.69,0.00
,,,,,,,,,,,,,,,,
[object Object],123,456,Проверка,09.12.2024,16:39:46,500.00,500.00,442.79,485.93,398.82,435.11,238.09,500.00,500.00,448.43,215.36
,,,,,,,,,,,,,,,,
[object Object],123,456,Проверка,09.12.2024,16:39:46,2.54,500.00,273.87,423.98,362.10,500.00,0.00,500.00,9.40,500.00,500.00
,,,,,,,,,,,,,,,,
[object Object],123,456,Проверка,09.12.2024,16:39:46,2.54,500.00,273.87,423.98,362.10,500.00,0.00,500.00,9.40,500.00,500.00
,,,,,,,,,,,,,,,,
[object Object],123,456,Проверка,09.12.2024,16:39:46,232.99,282.67,211.14,490.78,0.00,500.00,381.02,214.31,312.62,500.00,281.69
,,,,,,,,,,,,,,,,
[object Object],123,456,Проверка,09.12.2024,16:39:46,463.78,431.70,418.74,151.57,0.00,312.26,307.14,0.00,479.15,217.07,500.00
,,,,,,,,,,,,,,,,
[object Object],123,456,Проверка,09.12.2024,16:39:46,463.78,431.70,418.74,151.57,0.00,312.26,307.14,0.00,479.15,217.07,500.00
,,,,,,,,,,,,,,,,
[object Object],123,456,Проверка,09.12.2024,16:39:46,500.00,79.56,500.00,0.00,188.47,12.67,345.01,67.54,500.00,204.46,458.47
,,,,,,,,,,,,,,,,
[object Object],123,456,Проверка,09.12.2024,16:39:46,500.00,296.03,62.24,0.00,41.29,0.00,315.25,155.55,22.17,500.00,235.22
,,,,,,,,,,,,,,,,
[object Object],123,456,Проверка,09.12.2024,16:39:46,13.60,428.16,366.95,310.69,294.35,0.00,56.60,382.08,0.00,222.93,197.04
,,,,,,,,,,,,,,,,
[object Object],123,456,Проверка,09.12.2024,16:39:47,0.00,351.48,0.00,0.10,334.37,326.38,0.00,144.13,0.00,0.00,192.65
,,,,,,,,,,,,,,,,
[object Object],123,456,Проверка,09.12.2024,16:39:47,0.00,351.48,0.00,0.10,334.37,326.38,0.00,144.13,0.00,0.00,192.65
,,,,,,,,,,,,,,,,
[object Object],123,456,Проверка,09.12.2024,16:39:47,253.49,0.00,0.00,0.00,0.00,500.00,309.33,0.00,389.68,139.74,371.23
,,,,,,,,,,,,,,,,
[object Object],123,456,Проверка,09.12.2024,16:39:47,500.00,0.00,312.09,0.00,388.36,46.38,244.89,0.00,219.28,500.00,0.00
,,,,,,,,,,,,,,,,
[object Object],123,456,Проверка,09.12.2024,16:39:47,500.00,0.00,500.00,263.81,0.00,414.63,25.15,9.93,426.03,500.00,25.72
,,,,,,,,,,,,,,,,
[object Object],123,456,Проверка,09.12.2024,16:39:47,500.00,0.00,500.00,500.00,0.00,143.61,0.00,0.00,431.20,500.00,0.00
,,,,,,,,,,,,,,,,
[object Object],123,456,Проверка,09.12.2024,16:39:47,500.00,0.00,282.77,500.00,0.00,32.17,0.00,427.92,59.64,190.76,479.91
,,,,,,,,,,,,,,,,
[object Object],123,456,Проверка,09.12.2024,16:39:47,500.00,0.00,0.00,147.65,0.00,253.89,0.00,0.00,0.00,213.66,375.01
,,,,,,,,,,,,,,,,
[object Object],123,456,Проверка,09.12.2024,16:39:47,500.00,0.00,93.85,137.51,0.00,0.00,132.25,469.45,242.58,120.11,329.58
,,,,,,,,,,,,,,,,
[object Object],123,456,Проверка,09.12.2024,16:39:47,500.00,142.45,475.38,489.18,0.00,466.82,277.11,500.00,0.00,216.51,500.00
,,,,,,,,,,,,,,,,
[object Object],123,456,Проверка,09.12.2024,16:39:48,500.00,142.45,475.38,489.18,0.00,466.82,277.11,500.00,0.00,216.51,500.00
,,,,,,,,,,,,,,,,
[object Object],123,456,Проверка,09.12.2024,16:39:48,500.00,278.54,390.46,500.00,280.49,175.78,0.00,190.49,0.00,200.41,500.00
,,,,,,,,,,,,,,,,
[object Object],123,456,Проверка,09.12.2024,16:39:48,500.00,352.45,314.87,281.77,496.55,0.00,307.47,425.02,273.19,46.26,498.74
,,,,,,,,,,,,,,,,
[object Object],123,456,Проверка,09.12.2024,16:39:48,244.34,348.98,500.00,464.01,500.00,0.00,271.31,123.18,500.00,38.57,10.41
,,,,,,,,,,,,,,,,
[object Object],123,456,Проверка,09.12.2024,16:39:48,0.00,13.35,500.00,500.00,220.05,0.00,365.78,0.00,426.38,116.61,252.48
,,,,,,,,,,,,,,,,
[object Object],123,456,Проверка,09.12.2024,16:39:48,0.00,0.00,500.00,246.91,334.05,0.00,44.27,176.51,472.86,500.00,0.00
,,,,,,,,,,,,,,,,
[object Object],123,456,Проверка,09.12.2024,16:39:48,0.00,0.00,306.65,136.22,0.00,0.00,351.59,0.00,500.00,500.00,115.64
,,,,,,,,,,,,,,,,
[object Object],123,456,Проверка,09.12.2024,16:39:48,0.00,0.00,500.00,0.00,0.00,374.55,488.23,396.11,500.00,500.00,500.00
,,,,,,,,,,,,,,,,
[object Object],123,456,Проверка,09.12.2024,16:39:48,0.00,0.00,34.73,0.00,0.00,500.00,500.00,74.57,375.71,500.00,500.00
,,,,,,,,,,,,,,,,
[object Object],123,456,Проверка,09.12.2024,16:39:48,0.00,0.00,0.00,379.23,74.94,500.00,500.00,378.10,303.53,500.00,500.00
,,,,,,,,,,,,,,,,
[object Object],123,456,Проверка,09.12.2024,16:39:49,0.00,38.84,282.15,500.00,304.27,500.00,272.76,459.86,204.79,500.00,257.20
,,,,,,,,,,,,,,,,
[object Object],123,456,Проверка,09.12.2024,16:39:49,240.12,0.00,279.26,311.99,500.00,500.00,69.31,500.00,309.91,500.00,275.33
,,,,,,,,,,,,,,,,
[object Object],123,456,Проверка,09.12.2024,16:39:49,500.00,263.16,500.00,0.00,241.92,500.00,0.00,500.00,500.00,77.83,498.19
,,,,,,,,,,,,,,,,
[object Object],123,456,Проверка,09.12.2024,16:39:49,500.00,261.67,213.40,363.39,500.00,64.35,0.00,430.91,500.00,0.00,171.08
,,,,,,,,,,,,,,,,
[object Object],123,456,Проверка,09.12.2024,16:39:49,500.00,261.67,213.40,363.39,500.00,64.35,0.00,430.91,500.00,0.00,171.08
,,,,,,,,,,,,,,,,
[object Object],123,456,Проверка,09.12.2024,16:39:49,16.49,0.00,483.43,366.71,500.00,105.69,0.00,0.00,65.94,248.96,349.46
,,,,,,,,,,,,,,,,
[object Object],123,456,Проверка,09.12.2024,16:39:49,0.00,0.00,452.55,500.00,500.00,0.00,376.66,456.28,0.00,109.58,0.00
,,,,,,,,,,,,,,,,
[object Object],123,456,Проверка,09.12.2024,16:39:49,378.69,0.00,346.21,500.00,500.00,0.00,307.25,500.00,0.00,0.00,136.23
,,,,,,,,,,,,,,,,
[object Object],123,456,Проверка,09.12.2024,16:39:49,500.00,475.29,500.00,319.03,190.68,114.73,0.00,199.65,0.00,0.00,290.90
,,,,,,,,,,,,,,,,
[object Object],123,456,Проверка,09.12.2024,16:39:49,297.83,87.24,500.00,83.93,477.03,500.00,500.00,0.00,199.73,0.00,0.00
,,,,,,,,,,,,,,,,
[object Object],123,456,Проверка,09.12.2024,16:39:50,0.00,433.86,337.80,0.00,430.13,500.00,183.21,315.90,197.56,402.72,274.77
,,,,,,,,,,,,,,,,
[object Object],123,456,Проверка,09.12.2024,16:39:50,0.00,481.67,390.98,316.52,499.85,500.00,0.00,41.82,89.00,8.95,45.17
,,,,,,,,,,,,,,,,
[object Object],123,456,Проверка,09.12.2024,16:39:50,0.00,500.00,500.00,500.00,84.07,283.26,77.41,241.04,55.91,182.92,500.00
,,,,,,,,,,,,,,,,
[object Object],123,456,Проверка,09.12.2024,16:39:50,0.00,500.00,500.00,500.00,84.07,283.26,77.41,241.04,55.91,182.92,500.00
,,,,,,,,,,,,,,,,
[object Object],123,456,Проверка,09.12.2024,16:39:50,399.15,500.00,3.18,500.00,309.85,106.64,370.21,59.88,0.00,500.00,340.63
,,,,,,,,,,,,,,,,
[object Object],123,456,Проверка,09.12.2024,16:39:50,500.00,209.82,384.33,500.00,500.00,337.60,111.80,433.78,311.79,500.00,204.12
,,,,,,,,,,,,,,,,
[object Object],123,456,Проверка,09.12.2024,16:39:50,500.00,209.82,384.33,500.00,500.00,337.60,111.80,433.78,311.79,500.00,204.12
,,,,,,,,,,,,,,,,
[object Object],123,456,Проверка,09.12.2024,16:39:50,113.93,500.00,0.00,238.68,6.55,500.00,420.51,456.23,500.00,133.92,500.00
,,,,,,,,,,,,,,,,
[object Object],123,456,Проверка,09.12.2024,16:39:50,327.87,192.89,0.00,0.00,457.82,220.87,500.00,500.00,500.00,267.67,500.00
,,,,,,,,,,,,,,,,
[object Object],123,456,Проверка,09.12.2024,16:39:51,500.00,421.26,399.59,393.37,500.00,267.61,500.00,207.89,500.00,0.00,500.00
,,,,,,,,,,,,,,,,
[object Object],123,456,Проверка,09.12.2024,16:39:51,164.66,327.18,409.00,398.37,247.68,0.00,500.00,500.00,260.05,77.78,496.40
,,,,,,,,,,,,,,,,
[object Object],123,456,Проверка,09.12.2024,16:39:51,0.00,0.00,500.00,500.00,500.00,0.00,500.00,500.00,500.00,254.33,500.00
,,,,,,,,,,,,,,,,
[object Object],123,456,Проверка,09.12.2024,16:39:51,366.40,253.07,500.00,500.00,500.00,457.39,291.69,168.72,322.56,61.74,500.00
,,,,,,,,,,,,,,,,
[object Object],123,456,Проверка,09.12.2024,16:39:51,500.00,500.00,500.00,333.76,225.37,500.00,500.00,111.15,0.00,237.00,500.00
,,,,,,,,,,,,,,,,
[object Object],123,456,Проверка,09.12.2024,16:39:51,217.46,185.70,392.26,447.31,396.34,10.74,60.21,367.71,459.83,486.95,78.38
,,,,,,,,,,,,,,,,
[object Object],123,456,Проверка,09.12.2024,16:39:51,217.46,185.70,392.26,447.31,396.34,10.74,60.21,367.71,459.83,486.95,78.38
,,,,,,,,,,,,,,,,
[object Object],123,456,Проверка,09.12.2024,16:39:51,500.00,0.00,427.84,25.30,464.57,375.61,0.00,500.00,313.23,500.00,0.00
,,,,,,,,,,,,,,,,
[object Object],123,456,Проверка,09.12.2024,16:39:51,404.78,342.24,450.19,0.00,371.06,15.22,0.00,208.39,486.65,86.71,0.00
,,,,,,,,,,,,,,,,
[object Object],123,456,Проверка,09.12.2024,16:39:52,353.10,370.22,500.00,0.00,494.14,0.00,0.00,162.99,500.00,0.00,451.88
,,,,,,,,,,,,,,,,
[object Object],123,456,Проверка,09.12.2024,16:39:52,77.68,500.00,500.00,438.03,400.51,385.51,0.00,0.00,309.92,160.14,394.16
,,,,,,,,,,,,,,,,
[object Object],123,456,Проверка,09.12.2024,16:39:52,322.85,52.88,123.79,245.45,0.00,500.00,361.50,0.00,66.21,486.49,416.67
,,,,,,,,,,,,,,,,
[object Object],123,456,Проверка,09.12.2024,16:39:52,3.51,307.97,0.00,500.00,0.00,500.00,500.00,0.00,0.00,340.22,95.31
,,,,,,,,,,,,,,,,
[object Object],123,456,Проверка,09.12.2024,16:39:52,0.00,219.67,220.63,500.00,162.56,405.61,231.38,0.00,27.51,0.00,0.00
,,,,,,,,,,,,,,,,
[object Object],123,456,Проверка,09.12.2024,16:39:52,0.00,295.11,500.00,138.15,500.00,408.14,480.23,48.19,221.01,0.00,0.00
,,,,,,,,,,,,,,,,
[object Object],123,456,Проверка,09.12.2024,16:39:52,105.60,440.23,500.00,366.21,9.72,403.84,500.00,0.00,500.00,0.00,400.23
,,,,,,,,,,,,,,,,
[object Object],123,456,Проверка,09.12.2024,16:39:52,222.74,500.00,226.40,437.95,0.00,378.33,500.00,0.00,500.00,382.77,266.74
,,,,,,,,,,,,,,,,
[object Object],123,456,Проверка,09.12.2024,16:39:52,500.00,500.00,0.00,500.00,0.00,189.89,81.94,292.76,439.05,0.00,500.00
,,,,,,,,,,,,,,,,
[object Object],123,456,Проверка,09.12.2024,16:39:53,500.00,500.00,0.00,348.51,0.00,0.00,466.62,500.00,273.15,0.00,190.38
,,,,,,,,,,,,,,,,
[object Object],123,456,Проверка,09.12.2024,16:39:53,500.00,209.76,493.40,500.00,347.23,429.70,500.00,500.00,385.71,0.00,500.00
,,,,,,,,,,,,,,,,
[object Object],123,456,Проверка,09.12.2024,16:39:53,337.43,500.00,500.00,417.98,168.10,360.09,468.16,110.69,500.00,0.00,500.00
,,,,,,,,,,,,,,,,
[object Object],123,456,Проверка,09.12.2024,16:39:53,500.00,500.00,500.00,353.00,500.00,500.00,75.57,0.00,500.00,0.00,41.74
,,,,,,,,,,,,,,,,
[object Object],123,456,Проверка,09.12.2024,16:39:53,500.00,500.00,195.22,443.70,500.00,257.22,300.32,321.43,262.92,81.33,0.00
,,,,,,,,,,,,,,,,
[object Object],123,456,Проверка,09.12.2024,16:39:53,500.00,389.85,0.00,229.12,500.00,500.00,0.00,327.94,78.62,120.34,234.50
,,,,,,,,,,,,,,,,
[object Object],123,456,Проверка,09.12.2024,16:39:53,500.00,243.10,246.54,500.00,333.60,500.00,419.61,500.00,43.42,0.00,0.00
,,,,,,,,,,,,,,,,
[object Object],123,456,Проверка,09.12.2024,16:39:53,479.31,190.24,8.66,324.19,464.17,279.72,100.18,500.00,468.18,0.00,0.00
,,,,,,,,,,,,,,,,
[object Object],123,456,Проверка,09.12.2024,16:39:53,500.00,0.00,0.00,500.00,278.83,500.00,0.00,215.64,340.12,242.22,0.00
,,,,,,,,,,,,,,,,
[object Object],123,456,Проверка,09.12.2024,16:39:54,500.00,239.18,0.00,428.96,0.00,429.25,233.89,0.00,500.00,177.84,0.00
,,,,,,,,,,,,,,,,
[object Object],123,456,Проверка,09.12.2024,16:39:54,209.00,0.00,0.00,500.00,0.00,340.37,182.89,119.24,497.14,236.12,481.15
,,,,,,,,,,,,,,,,
[object Object],123,456,Проверка,09.12.2024,16:39:54,0.00,228.69,80.55,89.52,0.00,431.11,0.00,500.00,32.60,0.00,500.00
,,,,,,,,,,,,,,,,
[object Object],123,456,Проверка,09.12.2024,16:39:54,296.06,228.19,0.00,0.00,48.08,500.00,0.00,461.33,19.67,437.39,481.43
,,,,,,,,,,,,,,,,
[object Object],123,456,Проверка,09.12.2024,16:39:54,500.00,34.34,415.73,305.70,77.55,500.00,0.00,500.00,298.16,277.33,442.84
,,,,,,,,,,,,,,,,
[object Object],123,456,Проверка,09.12.2024,16:39:54,157.39,457.32,500.00,0.00,451.52,57.68,0.00,500.00,0.00,66.53,146.92
,,,,,,,,,,,,,,,,
[object Object],123,456,Проверка,09.12.2024,16:39:54,500.00,500.00,500.00,23.83,208.74,0.00,453.38,473.95,0.00,437.05,94.83
,,,,,,,,,,,,,,,,
[object Object],123,456,Проверка,09.12.2024,16:39:54,126.53,155.34,500.00,0.00,386.85,0.00,492.55,500.00,135.18,500.00,500.00
,,,,,,,,,,,,,,,,
[object Object],123,456,Проверка,09.12.2024,16:39:55,0.00,0.00,500.00,0.00,500.00,48.92,500.00,500.00,150.79,122.78,209.50
,,,,,,,,,,,,,,,,
[object Object],123,456,Проверка,09.12.2024,16:39:55,0.00,0.00,500.00,0.00,500.00,0.00,500.00,107.17,362.37,213.92,0.00
,,,,,,,,,,,,,,,,
[object Object],123,456,Проверка,09.12.2024,16:39:55,484.71,88.35,500.00,238.66,437.92,382.75,500.00,136.24,500.00,0.00,143.68
,,,,,,,,,,,,,,,,
[object Object],123,456,Проверка,09.12.2024,16:39:55,396.87,500.00,278.15,320.70,11.20,119.14,0.00,31.50,500.00,0.00,284.75
,,,,,,,,,,,,,,,,
[object Object],123,456,Проверка,09.12.2024,16:39:55,500.00,189.53,303.56,138.96,0.00,0.00,89.29,0.00,500.00,0.00,353.98
,,,,,,,,,,,,,,,,
[object Object],123,456,Проверка,09.12.2024,16:39:55,497.14,500.00,73.95,500.00,0.00,0.00,0.00,0.00,67.47,0.00,0.00
,,,,,,,,,,,,,,,,
[object Object],123,456,Проверка,09.12.2024,16:39:55,426.05,500.00,0.00,500.00,329.52,327.66,59.95,0.00,139.90,500.00,500.00
,,,,,,,,,,,,,,,,
[object Object],123,456,Проверка,09.12.2024,16:39:55,500.00,500.00,0.00,246.58,0.00,261.22,363.97,0.00,131.28,500.00,303.89
,,,,,,,,,,,,,,,,
[object Object],123,456,Проверка,09.12.2024,16:39:56,500.00,297.54,360.74,165.47,273.70,69.31,461.97,0.00,7.59,500.00,318.75
,,,,,,,,,,,,,,,,
[object Object],123,456,Проверка,09.12.2024,16:39:56,500.00,500.00,500.00,0.00,500.00,90.55,472.05,0.00,67.38,500.00,0.00
,,,,,,,,,,,,,,,,
[object Object],123,456,Проверка,09.12.2024,16:39:56,407.89,0.00,401.08,0.00,500.00,496.60,117.96,500.00,303.47,500.00,312.25
,,,,,,,,,,,,,,,,
[object Object],123,456,Проверка,09.12.2024,16:39:56,366.96,0.00,500.00,0.00,500.00,500.00,500.00,500.00,500.00,500.00,500.00
,,,,,,,,,,,,,,,,
[object Object],123,456,Проверка,09.12.2024,16:39:56,500.00,0.00,132.73,0.00,377.17,500.00,174.16,235.19,500.00,76.61,222.67
,,,,,,,,,,,,,,,,
[object Object],123,456,Проверка,09.12.2024,16:39:56,106.57,107.22,0.00,0.00,386.81,182.74,52.46,368.03,438.87,0.00,252.87
,,,,,,,,,,,,,,,,
[object Object],123,456,Проверка,09.12.2024,16:39:56,0.00,0.00,0.00,500.00,0.00,500.00,116.12,0.00,500.00,379.81,294.75
,,,,,,,,,,,,,,,,
[object Object],123,456,Проверка,09.12.2024,16:39:57,0.00,494.19,51.97,294.87,0.00,278.88,456.57,0.00,500.00,97.37,0.00
,,,,,,,,,,,,,,,,
[object Object],123,456,Проверка,09.12.2024,16:39:57,268.10,254.01,0.00,72.05,407.25,500.00,303.43,3.91,491.31,351.77,0.00
,,,,,,,,,,,,,,,,
[object Object],123,456,Проверка,09.12.2024,16:39:57,500.00,73.42,0.00,500.00,500.00,120.69,500.00,185.93,500.00,500.00,411.08
,,,,,,,,,,,,,,,,
[object Object],123,456,Проверка,09.12.2024,16:39:57,500.00,56.83,73.75,0.00,14.69,104.35,500.00,500.00,131.33,500.00,334.73
,,,,,,,,,,,,,,,,
